#Total No. of Collocate Types: 238
#Total No. of Collocate Tokens: 776
1	106	102	4	2.81387	--
2	54	16	38	1.59821	и
3	35	5	30	2.04036	что
4	34	33	1	4.14910	а
5	30	30	0	4.74154	да
6	24	1	23	2.82876	это
7	22	5	17	3.44629	ты
8	21	3	18	0.67775	он
9	21	21	0	5.01016	ну
10	18	7	11	1.53840	я
11	18	10	8	3.19976	так
12	16	1	15	2.12470	как
13	14	2	12	3.01169	вы
14	14	2	12	3.80906	видеть
15	10	4	6	0.26776	она
16	10	4	6	3.78107	мы
17	9	0	9	1.67487	этот
18	9	1	8	6.21403	оно
19	7	1	6	1.96106	все
20	6	6	0	0.75983	но
21	6	0	6	-0.58922	не
22	6	0	6	5.38806	именно
23	6	5	1	5.00104	ведь
24	6	0	6	-0.45211	в
25	5	2	3	1.44934	они
26	4	0	4	2.83111	смотреть
27	4	3	1	1.74365	делать
28	4	2	2	2.90363	вот
29	3	0	3	5.33361	хоть
30	3	0	3	1.25245	у
31	3	1	2	1.09556	только
32	3	0	3	1.41608	теперь
33	3	3	0	-0.36013	сказать
34	3	2	1	2.92863	приехать
35	3	1	2	1.18311	один
36	3	1	2	3.75758	нынче
37	3	0	3	2.53391	мой
38	3	0	3	2.67911	какой
39	3	0	3	0.08218	к
40	3	1	2	3.15776	женщина
41	2	0	2	7.33361	этак
42	2	2	0	0.96244	чтобы
43	2	1	1	3.59665	хозяйство
44	2	1	1	1.26036	уже
45	2	0	2	3.16369	уж
46	2	1	1	2.29897	спросить
47	2	0	2	-1.32062	с
48	2	2	0	2.01570	ребенок
49	2	0	2	3.68336	радость
50	2	1	1	3.01972	писать
51	2	1	1	3.81704	отчего
52	2	0	2	6.91858	отлично
53	2	0	2	-0.02784	о
54	2	1	1	2.98784	найти
55	2	1	1	2.58468	княгиня
56	2	1	1	1.79273	казаться
57	2	2	0	-0.00029	же
58	2	1	1	2.53200	ехать
59	2	0	2	1.55225	если
60	2	0	2	8.18161	ей-богу
61	2	2	0	4.35379	девочка
62	2	0	2	6.80310	взять
63	2	0	2	3.14599	бог
64	1	0	1	3.41608	яшвин
65	1	0	1	9.50354	этакий
66	1	0	1	3.80310	чуть
67	1	0	1	5.33361	чудо
68	1	1	0	0.56690	чувствовать
69	1	1	0	2.53775	хотеться
70	1	1	0	0.06267	хотеть
71	1	1	0	0.71890	хороший
72	1	1	0	5.50354	француз
73	1	0	1	6.33361	факт
74	1	0	1	6.04411	устраивать
75	1	1	0	3.52626	умный
76	1	0	1	9.50354	умница
77	1	1	0	3.07727	уйти
78	1	1	0	2.72218	ужасный
79	1	0	1	3.23675	ужас
80	1	1	0	2.58468	уехать
81	1	1	0	2.76207	удовольствие
82	1	0	1	6.91858	тянуться
83	1	0	1	1.91108	тут
84	1	0	1	2.54934	три
85	1	1	0	2.01972	тоже
86	1	0	1	6.50354	техника
87	1	0	1	2.48117	твой
88	1	1	0	5.33361	таня
89	1	1	0	5.69618	такт
90	1	0	1	7.50354	так-то
91	1	0	1	2.77562	счастье
92	1	0	1	7.91858	счастливец
93	1	1	0	4.45914	счастие
94	1	0	1	4.74865	судить
95	1	1	0	1.70264	стоять
96	1	1	0	4.14599	сон
97	1	0	1	5.69618	собирать
98	1	0	1	2.90363	смерть
99	1	0	1	2.12850	слушать
100	1	1	0	0.91482	слово
101	1	1	0	5.91858	славянин
102	1	0	1	2.80310	скоро
103	1	1	0	2.19976	сидеть
104	1	1	0	2.88883	сестра
105	1	1	0	5.33361	семейство
106	1	0	1	2.62090	сейчас
107	1	1	0	-0.68134	себя
108	1	0	1	5.18161	рябинин
109	1	0	1	6.18161	расти
110	1	1	0	3.25561	разумеется
111	1	1	0	4.45914	разный
112	1	0	1	3.72218	радостный
113	1	1	0	3.31371	равный
114	1	1	0	6.33361	пятнадцать
115	1	0	1	5.50354	пускай
116	1	0	1	7.91858	прочти
117	1	0	1	3.54934	прочесть
118	1	0	1	4.41608	проснуться
119	1	0	1	2.81704	приятный
120	1	1	0	3.69618	приходить
121	1	0	1	4.37426	приезжать
122	1	0	1	1.50354	при
123	1	0	1	4.54934	прекрасно
124	1	0	1	4.21814	презирать
125	1	0	1	1.62090	пред
126	1	1	0	7.91858	правление
127	1	1	0	9.50354	почтенье
128	1	0	1	3.16369	почему
129	1	1	0	1.62090	потом
130	1	0	1	4.80310	постой
131	1	1	0	4.97998	постель
132	1	0	1	5.91858	послушать
133	1	0	1	9.50354	порог
134	1	1	0	7.18161	понадобиться
135	1	0	1	1.26036	положение
136	1	0	1	1.22741	пойти
137	1	0	1	7.18161	пожить
138	1	0	1	1.94895	поехать
139	1	0	1	6.69618	подить
140	1	0	1	7.50354	подбирать
141	1	1	0	3.29409	подать
142	1	1	0	5.25561	платить
143	1	0	1	2.43745	письмо
144	1	0	1	6.33361	пахать
145	1	1	0	3.33361	палец
146	1	1	0	3.21814	ответить
147	1	1	0	3.35379	окно
148	1	1	0	3.85968	однако
149	1	1	0	4.14599	обязанность
150	1	0	1	4.04411	объяснить
151	1	1	0	2.44826	облонский
152	1	1	0	7.91858	обжечь
153	1	1	0	8.50354	ножницы
154	1	1	0	2.25561	нога
155	1	1	0	7.91858	новенький
156	1	1	0	0.26275	нет
157	1	0	1	8.50354	неразлучный
158	1	1	0	5.04411	необходимость
159	1	1	0	1.74865	нельзя
160	1	0	1	6.18161	некстати
161	1	1	0	9.50354	негодяй
162	1	1	0	5.91858	начинаться
163	1	1	0	9.50354	надсмотрщик
164	1	1	0	6.91858	надоесть
165	1	1	0	0.92611	надо
166	1	0	1	6.04411	награда
167	1	0	1	3.43745	мужчина
168	1	0	1	2.15481	мужик
169	1	1	0	1.08569	муж
170	1	0	1	6.33361	молодец
171	1	1	0	4.64556	молиться
172	1	1	0	1.96438	место
173	1	0	1	4.21814	мама
174	1	1	0	3.16369	мало
175	1	1	0	1.74199	любовь
176	1	1	0	0.93748	ли
177	1	1	0	6.04411	лететь
178	1	1	0	3.29409	лес
179	1	1	0	6.69618	крокет
180	1	1	0	7.91858	кофейник
181	1	1	0	7.91858	корделия
182	1	1	0	6.33361	кончаться
183	1	0	1	-0.19863	когда
184	1	1	0	4.74865	княгина
185	1	0	1	0.30142	кити
186	1	0	1	3.67065	каренин
187	1	0	1	1.34872	идти
188	1	1	0	4.11122	иваныч
189	1	1	0	-0.61410	знать
190	1	0	1	2.67065	здесь
191	1	1	0	5.18161	затруднение
192	1	1	0	9.50354	затон
193	1	1	0	5.11122	зато
194	1	1	0	3.37426	занимать
195	1	0	1	1.52055	жить
196	1	1	0	0.72218	жизнь
197	1	1	0	4.21814	жениться
198	1	1	0	0.82406	жена
199	1	0	1	0.05233	еще
200	1	0	1	5.59665	дядя
201	1	1	0	0.16592	думать
202	1	0	1	3.39501	дома
203	1	1	0	1.09840	должен
204	1	1	0	5.11122	доказать
205	1	1	0	5.18161	дикий
206	1	1	0	3.33361	готовый
207	1	1	0	3.19976	гость
208	1	1	0	9.50354	городовой
209	1	0	1	-0.87150	говорить
210	1	1	0	9.50354	вырезать
211	1	0	1	4.29409	выпить
212	1	0	1	1.28922	выйти
213	1	1	0	8.50354	выделять
214	1	0	1	3.01169	вчера
215	1	0	1	3.74865	второй
216	1	0	1	4.59665	встретиться
217	1	0	1	9.50354	вспорхнуть
218	1	0	1	9.50354	вспомнить
219	1	1	0	5.11122	воспитание
220	1	0	1	1.59665	вопрос
221	1	1	0	2.70912	виноватый
222	1	0	1	4.97998	вздор
223	1	1	0	2.77562	весловский
224	1	1	0	7.18161	вертеться
225	1	0	1	2.60872	верить
226	1	0	1	2.01972	ваш
227	1	0	1	-0.30382	бы
228	1	1	0	7.50354	букашка
229	1	1	0	1.09415	брат
230	1	1	0	1.72875	большой
231	1	1	0	4.45914	блеск
232	1	0	1	5.41608	благодаря
233	1	0	1	9.50354	бицепс-то
234	1	1	0	9.50354	артист
235	1	1	0	0.33111	александрович
236	1	1	0	6.91858	xxx
237	1	1	0	5.80310	a
238	1	1	0	9.50354	-да
